PRIMA QUERY 8.29696655273e-05

4.29153442383e-05
3.60012054443e-05
3.50475311279e-05
3.40938568115e-05
3.38554382324e-05
3.38554382324e-05
3.48091125488e-05
3.40938568115e-05
3.50475311279e-05
3.50475311279e-05
3.40938568115e-05
3.38554382324e-05
5.48362731934e-05
3.48091125488e-05
3.38554382324e-05
3.40938568115e-05
3.40938568115e-05
3.50475311279e-05
3.40938568115e-05
3.38554382324e-05
3.40938568115e-05
3.31401824951e-05
3.38554382324e-05
3.38554382324e-05
3.31401824951e-05
3.38554382324e-05
3.38554382324e-05
3.40938568115e-05
3.40938568115e-05
3.40938568115e-05
PRIMA QUERY 3.48091125488e-05

3.38554382324e-05
3.50475311279e-05
3.38554382324e-05
3.38554382324e-05
3.50475311279e-05
3.50475311279e-05
3.50475311279e-05
3.40938568115e-05
3.38554382324e-05
3.48091125488e-05
3.38554382324e-05
3.40938568115e-05
3.40938568115e-05
3.50475311279e-05
3.38554382324e-05
3.50475311279e-05
3.50475311279e-05
3.40938568115e-05
3.40938568115e-05
3.50475311279e-05
3.38554382324e-05
3.40938568115e-05
3.40938568115e-05
3.38554382324e-05
3.38554382324e-05
3.50475311279e-05
3.40938568115e-05
3.50475311279e-05
3.50475311279e-05
3.38554382324e-05
PRIMA QUERY 3.79085540771e-05

3.50475311279e-05
3.60012054443e-05
3.38554382324e-05
3.48091125488e-05
3.48091125488e-05
3.48091125488e-05
3.48091125488e-05
3.60012054443e-05
3.48091125488e-05
3.60012054443e-05
5.69820404053e-05
5.79357147217e-05
5.22136688232e-05
3.60012054443e-05
3.60012054443e-05
3.50475311279e-05
3.50475311279e-05
3.60012054443e-05
3.40938568115e-05
3.50475311279e-05
3.40938568115e-05
3.50475311279e-05
3.50475311279e-05
3.50475311279e-05
3.48091125488e-05
3.50475311279e-05
3.60012054443e-05
3.48091125488e-05
3.48091125488e-05
3.50475311279e-05
PRIMA QUERY 6.98566436768e-05

3.69548797607e-05
3.50475311279e-05
3.40938568115e-05
3.40938568115e-05
3.38554382324e-05
3.48091125488e-05
3.50475311279e-05
3.40938568115e-05
3.2901763916e-05
3.38554382324e-05
3.38554382324e-05
3.40938568115e-05
3.31401824951e-05
3.38554382324e-05
3.2901763916e-05
3.40938568115e-05
3.2901763916e-05
3.48091125488e-05
3.40938568115e-05
3.40938568115e-05
3.40938568115e-05
3.38554382324e-05
3.38554382324e-05
3.40938568115e-05
3.38554382324e-05
3.38554382324e-05
3.50475311279e-05
3.40938568115e-05
3.40938568115e-05
3.40938568115e-05
PRIMA QUERY 3.60012054443e-05

3.50475311279e-05
3.50475311279e-05
3.48091125488e-05
3.50475311279e-05
3.40938568115e-05
3.40938568115e-05
3.38554382324e-05
3.38554382324e-05
3.40938568115e-05
3.40938568115e-05
3.40938568115e-05
3.40938568115e-05
3.38554382324e-05
3.40938568115e-05
3.40938568115e-05
3.38554382324e-05
3.38554382324e-05
3.38554382324e-05
3.40938568115e-05
3.40938568115e-05
3.48091125488e-05
3.38554382324e-05
3.40938568115e-05
3.40938568115e-05
3.38554382324e-05
3.38554382324e-05
3.40938568115e-05
3.40938568115e-05
3.38554382324e-05
3.40938568115e-05
PRIMA QUERY 3.69548797607e-05

3.50475311279e-05
3.50475311279e-05
3.40938568115e-05
3.50475311279e-05
3.50475311279e-05
3.50475311279e-05
3.38554382324e-05
3.50475311279e-05
3.40938568115e-05
3.50475311279e-05
3.50475311279e-05
3.50475311279e-05
3.50475311279e-05
3.50475311279e-05
3.48091125488e-05
3.60012054443e-05
3.50475311279e-05
3.50475311279e-05
3.50475311279e-05
3.50475311279e-05
3.60012054443e-05
3.50475311279e-05
3.50475311279e-05
4.6968460083e-05
3.60012054443e-05
3.50475311279e-05
3.50475311279e-05
3.50475311279e-05
3.40938568115e-05
3.50475311279e-05
PRIMA QUERY 7.79628753662e-05

3.91006469727e-05
3.60012054443e-05
3.40938568115e-05
3.40938568115e-05
3.38554382324e-05
3.38554382324e-05
3.38554382324e-05
3.40938568115e-05
3.40938568115e-05
3.50475311279e-05
3.38554382324e-05
3.40938568115e-05
3.40938568115e-05
3.38554382324e-05
3.2901763916e-05
3.40938568115e-05
3.40938568115e-05
3.38554382324e-05
3.40938568115e-05
3.31401824951e-05
3.2901763916e-05
3.40938568115e-05
3.40938568115e-05
3.2901763916e-05
3.38554382324e-05
3.40938568115e-05
3.50475311279e-05
3.40938568115e-05
3.38554382324e-05
3.40938568115e-05
PRIMA QUERY 3.60012054443e-05

3.50475311279e-05
5.79357147217e-05
3.60012054443e-05
3.50475311279e-05
3.38554382324e-05
5.88893890381e-05
3.79085540771e-05
3.48091125488e-05
3.38554382324e-05
3.38554382324e-05
3.40938568115e-05
3.40938568115e-05
3.38554382324e-05
3.40938568115e-05
3.40938568115e-05
3.40938568115e-05
3.38554382324e-05
3.38554382324e-05
3.38554382324e-05
3.31401824951e-05
3.38554382324e-05
3.40938568115e-05
3.40938568115e-05
3.2901763916e-05
3.38554382324e-05
3.40938568115e-05
3.40938568115e-05
3.40938568115e-05
4.48226928711e-05
4.00543212891e-05
PRIMA QUERY 3.81469726562e-05

3.69548797607e-05
3.60012054443e-05
3.48091125488e-05
3.40938568115e-05
3.40938568115e-05
3.50475311279e-05
3.50475311279e-05
3.38554382324e-05
3.48091125488e-05
3.38554382324e-05
3.50475311279e-05
3.50475311279e-05
3.50475311279e-05
3.50475311279e-05
3.50475311279e-05
3.50475311279e-05
3.50475311279e-05
3.50475311279e-05
3.50475311279e-05
3.50475311279e-05
3.40938568115e-05
3.40938568115e-05
3.48091125488e-05
3.50475311279e-05
3.81469726562e-05
4.2200088501e-05
3.69548797607e-05
3.50475311279e-05
3.50475311279e-05
3.40938568115e-05
PRIMA QUERY 7.60555267334e-05

3.79085540771e-05
3.60012054443e-05
3.38554382324e-05
3.38554382324e-05
3.40938568115e-05
3.40938568115e-05
3.38554382324e-05
3.38554382324e-05
3.50475311279e-05
3.40938568115e-05
3.40938568115e-05
3.38554382324e-05
3.31401824951e-05
4.60147857666e-05
3.60012054443e-05
3.40938568115e-05
3.2901763916e-05
3.38554382324e-05
3.40938568115e-05
3.40938568115e-05
3.38554382324e-05
3.38554382324e-05
3.40938568115e-05
3.40938568115e-05
3.38554382324e-05
3.40938568115e-05
3.40938568115e-05
3.40938568115e-05
3.38554382324e-05
3.40938568115e-05
PRIMA QUERY 3.60012054443e-05

3.40938568115e-05
3.50475311279e-05
3.40938568115e-05
3.38554382324e-05
3.38554382324e-05
3.38554382324e-05
3.31401824951e-05
3.50475311279e-05
3.38554382324e-05
3.40938568115e-05
3.40938568115e-05
3.38554382324e-05
3.38554382324e-05
3.40938568115e-05
3.40938568115e-05
3.38554382324e-05
3.40938568115e-05
3.40938568115e-05
3.40938568115e-05
3.2901763916e-05
3.40938568115e-05
3.31401824951e-05
3.38554382324e-05
3.40938568115e-05
3.40938568115e-05
3.38554382324e-05
3.48091125488e-05
3.38554382324e-05
3.40938568115e-05
3.40938568115e-05
PRIMA QUERY 3.71932983398e-05

3.50475311279e-05
3.50475311279e-05
3.40938568115e-05
3.50475311279e-05
3.38554382324e-05
3.38554382324e-05
3.50475311279e-05
3.50475311279e-05
3.60012054443e-05
5.00679016113e-05
3.88622283936e-05
3.50475311279e-05
3.50475311279e-05
3.50475311279e-05
3.50475311279e-05
3.50475311279e-05
3.38554382324e-05
3.50475311279e-05
3.48091125488e-05
3.40938568115e-05
4.81605529785e-05
3.91006469727e-05
3.60012054443e-05
3.50475311279e-05
3.50475311279e-05
3.48091125488e-05
3.50475311279e-05
3.50475311279e-05
3.38554382324e-05
3.50475311279e-05
PRIMA QUERY 7.08103179932e-05

3.79085540771e-05
3.38554382324e-05
3.50475311279e-05
3.31401824951e-05
3.2901763916e-05
3.38554382324e-05
3.2901763916e-05
3.2901763916e-05
3.2901763916e-05
3.31401824951e-05
3.2901763916e-05
3.31401824951e-05
3.2901763916e-05
3.31401824951e-05
3.2901763916e-05
3.19480895996e-05
3.31401824951e-05
3.50475311279e-05
3.40938568115e-05
3.31401824951e-05
3.2901763916e-05
3.31401824951e-05
3.38554382324e-05
3.31401824951e-05
3.40938568115e-05
3.2901763916e-05
3.31401824951e-05
3.2901763916e-05
3.40938568115e-05
3.2901763916e-05
PRIMA QUERY 3.50475311279e-05

3.38554382324e-05
3.50475311279e-05
3.40938568115e-05
3.38554382324e-05
3.40938568115e-05
3.40938568115e-05
3.38554382324e-05
3.2901763916e-05
3.31401824951e-05
3.40938568115e-05
3.2901763916e-05
3.40938568115e-05
3.38554382324e-05
3.2901763916e-05
3.31401824951e-05
3.38554382324e-05
3.31401824951e-05
3.40938568115e-05
3.38554382324e-05
3.40938568115e-05
3.2901763916e-05
3.38554382324e-05
3.40938568115e-05
3.38554382324e-05
3.40938568115e-05
3.40938568115e-05
3.38554382324e-05
3.40938568115e-05
3.40938568115e-05
3.2901763916e-05
PRIMA QUERY 3.60012054443e-05

3.38554382324e-05
3.40938568115e-05
3.40938568115e-05
3.38554382324e-05
3.40938568115e-05
3.40938568115e-05
3.2901763916e-05
3.38554382324e-05
3.40938568115e-05
3.40938568115e-05
3.38554382324e-05
4.41074371338e-05
4.19616699219e-05
5.60283660889e-05
5.50746917725e-05
5.60283660889e-05
3.71932983398e-05
3.60012054443e-05
3.40938568115e-05
3.40938568115e-05
3.38554382324e-05
3.40938568115e-05
4.6968460083e-05
3.38554382324e-05
3.38554382324e-05
3.40938568115e-05
3.40938568115e-05
3.40938568115e-05
3.38554382324e-05
3.2901763916e-05
Il tempo totale e : 94.5715551376
