0.008478898999783269
0.0043739910001932
0.004085949000000255
0.004655971999909525
0.004378911000003427
0.0040736860000833985
0.004105556000013166
0.004268448999937391
0.004167305999999371
0.0042187520002698875
0.004124824999962584
0.004025659000035375
0.004051837000133673
0.00445390300001236
0.004655862999698002
0.004080006999629404
0.00431165999998484
0.004089360000307352
0.004902324999875418
0.005860144000052969
0.004411118999996688
0.0044454520002545905
0.0051673430002665555
0.004994711000108509
0.004328941999574454
0.004180562999863469
0.004038305999984004
0.00492809200022748
0.005323392000263993
0.0051381940002102056
0.013000941999962379
0.003951815000164061
0.00391998200029775
0.00392645400006586
0.004085586000201147
0.0038537280001946783
0.003472412000064651
0.0031510830003753654
0.0032914009998421534
0.0031935219999468245
0.0031088939999790455
0.0030820650003988703
0.0030923900003472227
0.0035307850002936902
0.0032251319998977124
0.003125842999907036
0.0030793089999860968
0.00306622400012202
0.0035521899999366724
0.0033546360000400455
0.0031396319996019884
0.003102083000158018
0.00309831699996721
0.0030906729998605442
0.0031838199997764605
0.003116358000170294
0.003136836000066978
0.0033824980000645155
0.003271865999977308
0.0030674180002279172
0.02638130600007571
0.004705010000179755
0.0049620159998085
0.004722842999854038
0.004913811000278656
0.004642801000045438
0.004858520999732718
0.0047124769998845295
0.004688124000040261
0.004739964999771473
0.004680469000049925
0.004659203000301204
0.006132389000413241
0.005075942000075884
0.005127583000103186
0.004747852000036801
0.004832595000152651
0.005197261999910552
0.004761638000218227
0.006469487999765988
0.006190497999796207
0.005088497999622632
0.0049312030000692175
0.004996557000140456
0.00485111100033464
0.004687462000219966
0.0049940909998440475
0.00466107500005819
0.004775402000177564
0.0048127559998647484
