0.015665076000004774
0.011590283999794337
0.010914986999978282
0.011052973000005295
0.011511477999647468
0.011999324000043998
0.012578202999975474
0.014299755000138248
0.013418077000096673
0.01210199199977069
0.01102143000025535
0.01079524999977366
0.010990652999680606
0.010872555000332795
0.010659098000360245
0.01094566500023575
0.011711498999829928
0.011145665000185545
0.010967679000259523
0.01095317099998283
0.011731500999758282
0.01198816199985231
0.012659838999752537
0.01378018700006578
0.01590616300018155
0.014102106999871467
0.024034882000250946
0.018509582999740815
0.014663927999663429
0.01579205300004105
0.013502589999916381
0.004871143999935157
0.004713633999926969
0.006078874999730033
0.005526981999992131
0.005527909999727854
0.005447534000268206
0.005008595000163041
0.004618567000306939
0.005663296999955492
0.004988886999854003
0.004583656000249903
0.004796619999979157
0.006364992999806418
0.004817089999960444
0.004849807000027795
0.006154453999897669
0.00461214300003121
0.00838517000011052
0.007617333000325743
0.005953827000212186
0.006671553999694879
0.005832083999848692
0.005755227000008745
0.007577168999887363
0.005989715999930922
0.006240593999791599
0.00744216500015682
0.0065210889997615595
0.0071675849999337515
0.06913615400026174
0.04759545300021273
0.024531465000109165
0.024580527000125585
0.024414468999566452
0.05008682400011821
0.024626123999951233
0.025149150999823178
0.025808442999732506
0.031303848000334256
0.027727287999823602
0.02945221300024059
0.024689654000212613
0.025640252000357577
0.024803617000088707
0.024691720999726385
0.02409816999988834
0.024992286000269814
0.027810848000171973
0.042334966999987955
0.02438560000018697
0.024577997000051255
0.02458303599996725
0.024514355000064825
0.024336888000107137
0.024467321999964042
0.024740748000112944
0.027506948999871383
0.054051756000262685
0.04385531199977777
