0.20914370199989207
0.08036908699978085
0.07851956300009988
0.14757955499999298
0.07933457699982682
0.0773395219998747
0.09097471399991264
0.07555367699978888
0.09210352600030092
0.11786807199996474
0.06552586899988455
0.06101729800002431
0.06034051799997542
0.06046440000000075
0.06130814600010126
0.0605918159999419
0.057434299000306055
0.05774860900010026
0.05736642600004416
0.06030946100008805
0.056766264000088995
0.05835620800007746
0.058081689000118786
0.05857011700027215
0.08205035199989652
0.05892198500032464
0.06305573899999217
0.11675601099977939
0.06185031299992261
0.059455485999933444
0.02168740600018282
0.006778571999802807
0.00647389400000975
0.006295861000126024
0.006429912999919907
0.006236837999949785
0.006358439999985421
0.006309607999810396
0.006259372999920743
0.006154469000193785
0.006383972000094218
0.006415848999949958
0.006256433000089601
0.0063378509998983645
0.006525079999846639
0.0062064980002105585
0.006402808000075311
0.00634946799982572
0.006371850000050472
0.006217990000095597
0.006335595000109606
0.006253988000025856
0.006472274000316247
0.006196885999997903
0.006272974999774306
0.006264253000153985
0.006445428999995784
0.006243357000130345
0.006432159999803844
0.00617832299985821
0.24837024699991161
0.2214646669999638
0.21719884899994213
0.3781244599999809
0.29202772799999366
0.318342193999797
0.28192447499986883
0.282162402999802
0.3016457629996694
0.2741923329999736
0.2108017249997829
0.21155527600012647
0.23610968499997398
0.26167307399964557
0.21295291799970073
0.21673953600020468
0.21642488300039986
0.21172413899967069
0.25297415200020623
0.2124360089997026
0.21620566599995072
0.2155194100000699
0.21388944499994977
0.43503555200004485
0.28076331500005836
0.27229576999980054
0.2838197740002215
0.3198667649999152
0.27452406800011886
0.2560510879998219