0.7439347229992563
0.5933910410003591
0.564434447000167
0.5840690069999255
0.5589134020001438
0.5666020689996003
0.6195783279999887
0.7781116760006626
0.7193464579995634
0.6001504140003817
0.5909232839994729
0.5528414159998647
0.5470643079997899
0.5887319290004598
0.5765733170001113
0.643550722999862
0.5488336850003179
0.6064256279996698
0.711202917999799
0.7377823560000252
0.6157899600002565
0.587313577999339
0.565890373000002
0.5445516810004847
0.5627261189993078
0.5992749480001294
0.5913200089999009
0.6205284380002922
0.6785604650003734
0.7139756349997697
0.07083784299993567
0.05056367199995293
0.04946191599992744
0.05189809600051376
0.04739199899995583
0.04870527700040839
0.04668673299966031
0.04820517700045457
0.047281617000408005
0.04939232700053253
0.04941821400007029
0.04922816300040722
0.05066277700007049
0.036506053999801225
0.03686908300005598
0.03950169299969275
0.037995929999851796
0.03708558600010292
0.036308444999122
0.037146120999750565
0.036172471000099904
0.03678681499968661
0.03623031299957802
0.03753673900064314
0.03715728799943463
0.037034154999673774
0.03605099499964126
0.03831418299978395
0.0364089700005934
0.03704572199967515
4.4000371140000425
4.567202394999185
4.496500416999879
4.46671065100054
4.547110874999817
4.404066260000036
4.3948780630007604
4.641611056999864
4.368593348000104
4.727338982999754
4.3462730390001525
4.426696997999898
4.357672830000411
4.289133103000495
4.696032795000065
4.452532244999929
4.732721763999507
4.334048333999817
4.500545685999896
4.586352834000536
4.539218851999976
4.684371887000452
4.510039058000075
5.010419702000036
4.630204152999795
4.160512268000275
4.773576544999742
4.277646706000269
4.8088189159998365
4.619876292000299
